33,5
33,3
33,2
33,1
33,0
32,4
32,3
32,2
32,1
32,0
31,5
31,4
31,3
31,2
31,1
31,0
28,5
28,4
28,3
28,2
28,1
28,0
26,4
26,3
26,2
26,1
26,0
25,2
25,1
25,0
24,2
24,1
24,0
22,2
22,1
22,0
20,2
20,1
20,0
18,2
18,1
18,0
17,1
15,1
14,3
14,2
14,1
14,0
13,5
13,4
13,3
13,2
13,1
13,0
12,4
12,3
12,2
12,1
12,0
11,4
11,3
11,2
11,1
11,0
10,3
10,2
10,1
10,0
9,2
9,1
9,0
8,3
8,2
8,1
8,0
7,3
0,54
0,53
0,9
0,2
0,6
0,0
0,47
0,46
0,49
0,48
0,45
0,12
0,50
0,10
0,8
0,11
121,3
119,4
119,3
112,9
112,8
112,7
112,6
112,5
112,4
112,3
108,6
108,5
108,4
108,3
104,6
104,5
104,4
104,3
98,5
98,4
98,3
97,3
96,7
96,6
96,5
96,4
96,3
96,2
96,0
65,3
48,5
48,4
48,3
35,4
35,3
25,3
24,4
24,3
22,4
22,3
20,5
20,4
20,3
18,3
17,7
17,6
17,5
17,4
17,3
17,2
17,0
15,6
15,5
15,4
15,3
15,2
15,0
9,4
9,3
5,10
5,9
5,8
5,7
5,6
5,5
5,4
5,3
5,2
5,0
35,0
35,1
48,0
48,1
54,0
54,1
54,3
54,5
55,0
55,2
55,3
57,0
57,2
57,3
57,5
57,6
61,1
61,2
61,4
61,6
65,0
65,2
65,4
67,0
67,2
67,3
68,0
68,1
68,3
68,4
69,1
69,3
69,4
70,1
70,2
70,4
71,1
71,2
71,4
72,0
72,2
72,3
74,1
74,3
74,4
82,1
82,2
82,4
84,0
84,1
84,3
84,4
85,1
85,3
85,4
85,6
85,7
86,1
86,2
89,0
89,2
89,3
89,5
90,0
90,2
90,4
90,5
92,0
92,1
92,3
92,4
93,1
93,3
94,0
94,2
94,3
94,5
95,0
95,1
95,3
95,4
95,7
96,1
97,1
98,0
98,1
100,0
100,1
100,3
101,0
101,1
101,3
101,4
104,1
108,0
108,1
111,0
111,1
111,3
111,4
111,6
112,0
112,1
115,0
115,1
115,3
115,5
117,0
117,2
117,3
117,5
119,0
119,2
121,1
121,2
121,5
121,0
119,1
117,4
117,1
115,4
115,2
112,2
111,7
111,5
111,2
108,2
104,2
104,0
101,2
100,4
100,2
98,2
97,2
97,0
95,5
95,2
94,6
94,4
94,1
93,2
93,0
92,2
90,6
90,3
90,1
89,4
89,1
86,3
86,0
85,5
85,2
85,0
84,2
82,5
82,3
82,0
74,2
74,0
72,1
71,3
71,0
70,3
70,0
69,2
69,0
68,2
67,4
67,1
65,6
65,1
61,5
61,3
61,0
57,4
57,1
55,4
55,1
54,4
54,2
48,2
35,2
4,3
3,52
3,50
3,48
3,47
3,46
3,45
3,44
3,43
3,42
3,41
3,40
3,39
3,38
3,37
3,36
3,35
3,34
3,33
3,32
3,31
3,30
3,29
3,28
3,27
3,26
3,25
3,24
3,23
3,22
3,21
3,20
3,19
3,18
3,17
3,16
3,15
3,14
3,13
3,12
3,11
3,10
3,9
3,8
3,7
3,6
3,5
3,4
3,3
3,2
3,0
2,49
2,48
2,47
2,45
2,44
2,43
2,42
2,41
2,40
2,39
2,38
2,37
2,36
2,35
2,34
2,33
2,32
2,31
2,30
2,29
2,28
2,27
2,26
2,25
2,24
2,23
2,22
2,21
2,20
2,19
2,18
2,17
2,16
2,15
2,14
2,13
2,12
2,11
2,10
2,9
2,8
2,7
2,6
2,5
2,4
2,3
2,2
2,0
1,52
1,49
1,48
1,47
1,46
1,45
1,44
1,43
1,42
1,41
1,40
1,39
1,38
1,37
1,36
1,35
1,34
1,33
1,32
1,31
1,30
1,29
1,28
1,27
1,26
1,25
1,24
1,23
1,22
1,21
1,20
1,19
1,18
1,17
1,16
1,15
1,14
1,13
1,12
1,11
1,10
1,9
1,8
1,7
1,6
1,5
1,4
1,3
1,2
1,0
0,5
0,7
0,4
0,3
